10
40	0
6436.0000	0.9697	0.9643
6436.1500	0.9702	0.9660
6436.3000	0.9704	0.9658
6436.4500	0.9732	0.9689
6436.6000	0.9725	0.9688
6436.7500	0.9717	0.9668
6436.9000	0.9704	0.9657
6437.0500	0.9689	0.9637
6437.2000	0.9665	0.9614
6437.3500	0.9609	0.9563
6437.5000	0.9505	0.9467
6437.6500	0.9310	0.9309
6437.8000	0.9025	0.9034
6437.9500	0.8718	0.8696
6438.1000	0.8412	0.8362
6438.2500	0.8134	0.8073
6438.4000	0.7900	0.7820
6438.5500	0.7708	0.7619
6438.7000	0.7568	0.7487
6438.8500	0.7477	0.7377
6439.0000	0.7429	0.7317
6439.1500	0.7433	0.7321
6439.3000	0.7488	0.7392
6439.4500	0.7608	0.7505
6439.6000	0.7788	0.7693
6439.7500	0.8039	0.7925
6439.9000	0.8324	0.8209
6440.0500	0.8604	0.8494
6440.2000	0.8863	0.8776
6440.3500	0.9097	0.9034
6440.5000	0.9334	0.9299
6440.6500	0.9495	0.9445
6440.8000	0.9586	0.9531
6440.9500	0.9638	0.9592
6441.1000	0.9684	0.9630
6441.2500	0.9714	0.9667
6441.4000	0.9731	0.9687
6441.5500	0.9736	0.9698
6441.7000	0.9744	0.9700
6441.8500	0.9747	0.9706
40	0.1
6436.0000	0.9721	0.9668
6436.1500	0.9724	0.9678
6436.3000	0.9735	0.9689
6436.4500	0.9757	0.9706
6436.6000	0.9752	0.9696
6436.7500	0.9740	0.9694
6436.9000	0.9735	0.9673
6437.0500	0.9714	0.9665
6437.2000	0.9680	0.9622
6437.3500	0.9623	0.9576
6437.5000	0.9522	0.9484
6437.6500	0.9344	0.9340
6437.8000	0.9071	0.9073
6437.9500	0.8772	0.8734
6438.1000	0.8474	0.8407
6438.2500	0.8203	0.8134
6438.4000	0.7974	0.7879
6438.5500	0.7789	0.7687
6438.7000	0.7651	0.7525
6438.8500	0.7560	0.7450
6439.0000	0.7519	0.7396
6439.1500	0.7523	0.7415
6439.3000	0.7576	0.7467
6439.4500	0.7685	0.7572
6439.6000	0.7833	0.7732
6439.7500	0.8018	0.7931
6439.9000	0.8241	0.8141
6440.0500	0.8495	0.8406
6440.2000	0.8772	0.8711
6440.3500	0.9055	0.9020
6440.5000	0.9334	0.9304
6440.6500	0.9514	0.9463
6440.8000	0.9613	0.9557
6440.9500	0.9676	0.9619
6441.1000	0.9716	0.9667
6441.2500	0.9742	0.9694
6441.4000	0.9760	0.9714
6441.5500	0.9765	0.9720
6441.7000	0.9766	0.9724
6441.8500	0.9768	0.9722
40	0.2
6436.0000	0.9727	0.9678
6436.1500	0.9729	0.9673
6436.3000	0.9740	0.9706
6436.4500	0.9759	0.9722
6436.6000	0.9761	0.9707
6436.7500	0.9754	0.9717
6436.9000	0.9742	0.9682
6437.0500	0.9718	0.9667
6437.2000	0.9684	0.9631
6437.3500	0.9628	0.9581
6437.5000	0.9531	0.9495
6437.6500	0.9356	0.9354
6437.8000	0.9087	0.9087
6437.9500	0.8792	0.8749
6438.1000	0.8493	0.8419
6438.2500	0.8226	0.8137
6438.4000	0.7999	0.7893
6438.5500	0.7816	0.7721
6438.7000	0.7680	0.7572
6438.8500	0.7592	0.7466
6439.0000	0.7555	0.7411
6439.1500	0.7561	0.7436
6439.3000	0.7606	0.7488
6439.4500	0.7699	0.7599
6439.6000	0.7824	0.7733
6439.7500	0.7991	0.7907
6439.9000	0.8205	0.8126
6440.0500	0.8466	0.8398
6440.2000	0.8760	0.8704
6440.3500	0.9056	0.9029
6440.5000	0.9340	0.9313
6440.6500	0.9522	0.9481
6440.8000	0.9622	0.9569
6440.9500	0.9686	0.9623
6441.1000	0.9727	0.9680
6441.2500	0.9754	0.9700
6441.4000	0.9768	0.9726
6441.5500	0.9770	0.9721
6441.7000	0.9772	0.9734
6441.8500	0.9775	0.9729
40	0.3
6436.0000	0.9728	0.9679
6436.1500	0.9731	0.9675
6436.3000	0.9740	0.9710
6436.4500	0.9756	0.9707
6436.6000	0.9759	0.9718
6436.7500	0.9746	0.9708
6436.9000	0.9738	0.9689
6437.0500	0.9717	0.9662
6437.2000	0.9682	0.9640
6437.3500	0.9625	0.9587
6437.5000	0.9530	0.9499
6437.6500	0.9358	0.9359
6437.8000	0.9087	0.9095
6437.9500	0.8791	0.8766
6438.1000	0.8496	0.8439
6438.2500	0.8232	0.8164
6438.4000	0.8008	0.7921
6438.5500	0.7836	0.7727
6438.7000	0.7699	0.7572
6438.8500	0.7607	0.7457
6439.0000	0.7558	0.7400
6439.1500	0.7559	0.7420
6439.3000	0.7595	0.7493
6439.4500	0.7681	0.7602
6439.6000	0.7810	0.7725
6439.7500	0.7986	0.7896
6439.9000	0.8201	0.8122
6440.0500	0.8464	0.8399
6440.2000	0.8757	0.8711
6440.3500	0.9056	0.9034
6440.5000	0.9341	0.9315
6440.6500	0.9523	0.9488
6440.8000	0.9622	0.9568
6440.9500	0.9685	0.9635
6441.1000	0.9726	0.9673
6441.2500	0.9747	0.9706
6441.4000	0.9767	0.9724
6441.5500	0.9771	0.9726
6441.7000	0.9772	0.9729
6441.8500	0.9775	0.9735
40	0.4
6436.0000	0.9719	0.9671
6436.1500	0.9722	0.9675
6436.3000	0.9732	0.9698
6436.4500	0.9751	0.9713
6436.6000	0.9752	0.9700
6436.7500	0.9743	0.9687
6436.9000	0.9724	0.9680
6437.0500	0.9707	0.9655
6437.2000	0.9674	0.9632
6437.3500	0.9619	0.9582
6437.5000	0.9523	0.9491
6437.6500	0.9352	0.9355
6437.8000	0.9089	0.9094
6437.9500	0.8806	0.8772
6438.1000	0.8531	0.8473
6438.2500	0.8267	0.8197
6438.4000	0.8035	0.7966
6438.5500	0.7838	0.7755
6438.7000	0.7681	0.7586
6438.8500	0.7573	0.7459
6439.0000	0.7522	0.7386
6439.1500	0.7524	0.7378
6439.3000	0.7565	0.7418
6439.4500	0.7653	0.7523
6439.6000	0.7785	0.7687
6439.7500	0.7957	0.7879
6439.9000	0.8182	0.8109
6440.0500	0.8447	0.8393
6440.2000	0.8743	0.8697
6440.3500	0.9043	0.9028
6440.5000	0.9328	0.9311
6440.6500	0.9511	0.9474
6440.8000	0.9613	0.9564
6440.9500	0.9675	0.9623
6441.1000	0.9715	0.9672
6441.2500	0.9745	0.9701
6441.4000	0.9759	0.9715
6441.5500	0.9763	0.9726
6441.7000	0.9765	0.9726
6441.8500	0.9770	0.9730
40	0.5
6436.0000	0.9688	0.9641
6436.1500	0.9693	0.9654
6436.3000	0.9704	0.9662
6436.4500	0.9727	0.9682
6436.6000	0.9722	0.9677
6436.7500	0.9712	0.9667
6436.9000	0.9700	0.9654
6437.0500	0.9677	0.9628
6437.2000	0.9644	0.9600
6437.3500	0.9592	0.9551
6437.5000	0.9508	0.9473
6437.6500	0.9358	0.9348
6437.8000	0.9138	0.9111
6437.9500	0.8903	0.8840
6438.1000	0.8634	0.8561
6438.2500	0.8345	0.8271
6438.4000	0.8050	0.7974
6438.5500	0.7785	0.7717
6438.7000	0.7601	0.7533
6438.8500	0.7487	0.7416
6439.0000	0.7432	0.7350
6439.1500	0.7428	0.7325
6439.3000	0.7473	0.7372
6439.4500	0.7569	0.7452
6439.6000	0.7705	0.7598
6439.7500	0.7889	0.7782
6439.9000	0.8119	0.8036
6440.0500	0.8391	0.8328
6440.2000	0.8694	0.8657
6440.3500	0.8997	0.8983
6440.5000	0.9289	0.9280
6440.6500	0.9478	0.9444
6440.8000	0.9586	0.9549
6440.9500	0.9651	0.9608
6441.1000	0.9693	0.9645
6441.2500	0.9720	0.9680
6441.4000	0.9736	0.9691
6441.5500	0.9746	0.9706
6441.7000	0.9753	0.9714
6441.8500	0.9759	0.9722
40	0.6
6436.0000	0.9661	0.9621
6436.1500	0.9649	0.9613
6436.3000	0.9660	0.9626
6436.4500	0.9682	0.9666
6436.6000	0.9675	0.9636
6436.7500	0.9662	0.9637
6436.9000	0.9646	0.9596
6437.0500	0.9621	0.9588
6437.2000	0.9583	0.9548
6437.3500	0.9525	0.9494
6437.5000	0.9432	0.9411
6437.6500	0.9277	0.9280
6437.8000	0.9050	0.9044
6437.9500	0.8851	0.8771
6438.1000	0.8667	0.8551
6438.2500	0.8462	0.8345
6438.4000	0.8211	0.8097
6438.5500	0.7933	0.7834
6438.7000	0.7644	0.7553
6438.8500	0.7426	0.7359
6439.0000	0.7318	0.7247
6439.1500	0.7299	0.7227
6439.3000	0.7337	0.7264
6439.4500	0.7449	0.7355
6439.6000	0.7579	0.7506
6439.7500	0.7768	0.7701
6439.9000	0.8016	0.7937
6440.0500	0.8308	0.8243
6440.2000	0.8615	0.8580
6440.3500	0.8935	0.8932
6440.5000	0.9240	0.9227
6440.6500	0.9427	0.9398
6440.8000	0.9539	0.9506
6440.9500	0.9610	0.9556
6441.1000	0.9656	0.9624
6441.2500	0.9684	0.9637
6441.4000	0.9699	0.9668
6441.5500	0.9709	0.9670
6441.7000	0.9722	0.9691
6441.8500	0.9736	0.9694
40	0.7
6436.0000	0.9658	0.9618
6436.1500	0.9664	0.9627
6436.3000	0.9668	0.9629
6436.4500	0.9676	0.9637
6436.6000	0.9653	0.9623
6436.7500	0.9632	0.9607
6436.9000	0.9616	0.9586
6437.0500	0.9587	0.9545
6437.2000	0.9547	0.9516
6437.3500	0.9478	0.9457
6437.5000	0.9367	0.9357
6437.6500	0.9171	0.9202
6437.8000	0.8875	0.8913
6437.9500	0.8561	0.8562
6438.1000	0.8284	0.8249
6438.2500	0.8085	0.8023
6438.4000	0.7998	0.7903
6438.5500	0.7947	0.7829
6438.7000	0.7882	0.7744
6438.8500	0.7787	0.7620
6439.0000	0.7656	0.7484
6439.1500	0.7513	0.7369
6439.3000	0.7389	0.7300
6439.4500	0.7382	0.7329
6439.6000	0.7479	0.7447
6439.7500	0.7652	0.7600
6439.9000	0.7898	0.7850
6440.0500	0.8194	0.8155
6440.2000	0.8528	0.8506
6440.3500	0.8873	0.8869
6440.5000	0.9194	0.9187
6440.6500	0.9397	0.9370
6440.8000	0.9507	0.9465
6440.9500	0.9576	0.9538
6441.1000	0.9622	0.9581
6441.2500	0.9651	0.9613
6441.4000	0.9667	0.9636
6441.5500	0.9678	0.9647
6441.7000	0.9682	0.9642
6441.8500	0.9687	0.9655
40	0.8
6436.0000	0.9622	0.9579
6436.1500	0.9628	0.9591
6436.3000	0.9660	0.9622
6436.4500	0.9697	0.9657
6436.6000	0.9697	0.9638
6436.7500	0.9685	0.9644
6436.9000	0.9666	0.9620
6437.0500	0.9628	0.9580
6437.2000	0.9563	0.9530
6437.3500	0.9496	0.9465
6437.5000	0.9385	0.9371
6437.6500	0.9188	0.9214
6437.8000	0.8885	0.8922
6437.9500	0.8553	0.8558
6438.1000	0.8220	0.8200
6438.2500	0.7921	0.7901
6438.4000	0.7672	0.7630
6438.5500	0.7488	0.7455
6438.7000	0.7393	0.7339
6438.8500	0.7409	0.7328
6439.0000	0.7527	0.7391
6439.1500	0.7673	0.7498
6439.3000	0.7792	0.7609
6439.4500	0.7874	0.7717
6439.6000	0.7922	0.7795
6439.7500	0.7962	0.7849
6439.9000	0.8044	0.7962
6440.0500	0.8241	0.8190
6440.2000	0.8524	0.8503
6440.3500	0.8840	0.8843
6440.5000	0.9157	0.9158
6440.6500	0.9364	0.9347
6440.8000	0.9486	0.9449
6440.9500	0.9569	0.9529
6441.1000	0.9621	0.9582
6441.2500	0.9654	0.9616
6441.4000	0.9668	0.9635
6441.5500	0.9673	0.9641
6441.7000	0.9674	0.9641
6441.8500	0.9675	0.9644
40	0.9
6436.0000	0.9656	0.9612
6436.1500	0.9658	0.9609
6436.3000	0.9670	0.9645
6436.4500	0.9676	0.9628
6436.6000	0.9686	0.9657
6436.7500	0.9676	0.9636
6436.9000	0.9690	0.9636
6437.0500	0.9669	0.9623
6437.2000	0.9637	0.9596
6437.3500	0.9572	0.9535
6437.5000	0.9453	0.9415
6437.6500	0.9245	0.9261
6437.8000	0.8953	0.8978
6437.9500	0.8633	0.8624
6438.1000	0.8312	0.8282
6438.2500	0.8027	0.7986
6438.4000	0.7777	0.7739
6438.5500	0.7577	0.7518
6438.7000	0.7427	0.7360
6438.8500	0.7333	0.7248
6439.0000	0.7293	0.7206
6439.1500	0.7325	0.7232
6439.3000	0.7439	0.7349
6439.4500	0.7657	0.7553
6439.6000	0.7939	0.7812
6439.7500	0.8201	0.8061
6439.9000	0.8422	0.8280
6440.0500	0.8622	0.8496
6440.2000	0.8803	0.8699
6440.3500	0.9006	0.8966
6440.5000	0.9252	0.9224
6440.6500	0.9420	0.9392
6440.8000	0.9517	0.9468
6440.9500	0.9585	0.9554
6441.1000	0.9635	0.9589
6441.2500	0.9667	0.9634
6441.4000	0.9694	0.9661
6441.5500	0.9705	0.9670
6441.7000	0.9707	0.9663
6441.8500	0.9709	0.9676
