10
0,0 40
6436	0,969651934353654
6436,15	0,970190354442308
6436,3	0,97039506489597
6436,45	0,973153423860811
6436,6	0,972509273771235
6436,75	0,971711684935582
6436,9	0,97036067528937
6437,05	0,968931904654049
6437,2	0,966460646082432
6437,35	0,960914163505595
6437,5	0,950475378446823
6437,65	0,931045996747257
6437,8	0,902494446635168
6437,95	0,871771176721261
6438,1	0,841171103266647
6438,25	0,813360549939656
6438,4	0,789967512082206
6438,55	0,770793863727115
6438,7	0,756823218699981
6438,85	0,747658661193817
6439	0,742887345681069
6439,15	0,74332552180142
6439,3	0,7487760976851
6439,45	0,760836610606857
6439,6	0,778848865591232
6439,75	0,803882954314859
6439,9	0,832448930627939
6440,05	0,860376845742219
6440,2	0,886334746289546
6440,35	0,909726659424903
6440,5	0,933432070485826
6440,65	0,949514729302763
6440,8	0,958578003714125
6440,95	0,96380088697216
6441,1	0,968394037681619
6441,25	0,971403144939388
6441,4	0,973074664747913
6441,55	0,973580876035592
6441,7	0,974370976642871
6441,85	0,974716249333412
0,1 40
6436	0,97207179903619
6436,15	0,97239403579398
6436,3	0,973520649733817
6436,45	0,975684630183508
6436,6	0,975211472100751
6436,75	0,97402319343641
6436,9	0,973529615897977
6437,05	0,97141122759567
6437,2	0,967980097558949
6437,35	0,962334366449584
6437,5	0,952205978969844
6437,65	0,934362529805713
6437,8	0,907107144579334
6437,95	0,877197327304649
6438,1	0,847375567647403
6438,25	0,820341309533423
6438,4	0,797392756873295
6438,55	0,778921616554355
6438,7	0,765123002641749
6438,85	0,756032989309016
6439	0,751934445897662
6439,15	0,75228502435521
6439,3	0,757570650938156
6439,45	0,768474744176566
6439,6	0,783305316259792
6439,75	0,801796233118648
6439,9	0,824080262003171
6440,05	0,849547224129495
6440,2	0,8771760323043
6440,35	0,905501992820607
6440,5	0,933395994558292
6440,65	0,951352209966852
6440,8	0,961329051166399
6440,95	0,967551070055479
6441,1	0,971595013585844
6441,25	0,974182136667171
6441,4	0,975996884054118
6441,55	0,976501495065533
6441,7	0,976584729990431
6441,85	0,976802172330314
0,2 40
6436	0,97270099367592
6436,15	0,972924096259268
6436,3	0,973950171468286
6436,45	0,975936220224545
6436,6	0,976111226457304
6436,75	0,975381621672262
6436,9	0,974198028437921
6437,05	0,971848953757612
6437,2	0,96839842700305
6437,35	0,962830026001949
6437,5	0,953116201507052
6437,65	0,935625320057852
6437,8	0,908692331159266
6437,95	0,879209488595314
6438,1	0,849327390772216
6438,25	0,822589324349423
6438,4	0,799860340788907
6438,55	0,781577026910691
6438,7	0,768012112086144
6438,85	0,759222733401602
6439	0,755507424288745
6439,15	0,756056793109615
6439,3	0,760646715476136
6439,45	0,769854963583678
6439,6	0,782351251422086
6439,75	0,799078073030494
6439,9	0,820532947684396
6440,05	0,846563198952484
6440,2	0,876014662033225
6440,35	0,905583146809926
6440,5	0,933984503861487
6440,65	0,952205936367227
6440,8	0,962229962029283
6440,95	0,96856135343996
6441,1	0,972679351024792
6441,25	0,975419214836469
6441,4	0,976783486662403
6441,55	0,976952764862588
6441,7	0,977233383601892
6441,85	0,977458448875852
0,3 40 
6436	0,972843247950674
6436,15	0,973099300898029
6436,3	0,973958133975534
6436,45	0,975590689590561
6436,6	0,975896600687627
6436,75	0,974614438229443
6436,9	0,973775666861073
6437,05	0,971742220281585
6437,2	0,968194485360304
6437,35	0,962535556872206
6437,5	0,952962349046966
6437,65	0,93575190540417
6437,8	0,908665416838063
6437,95	0,879066010991374
6438,1	0,849561573393049
6438,25	0,823181331565891
6438,4	0,800832684420734
6438,55	0,783594978280875
6438,7	0,769886143994176
6438,85	0,760718933171208
6439	0,755780642769798
6439,15	0,755850442519583
6439,3	0,759495148914341
6439,45	0,768067993568976
6439,6	0,780956525219575
6439,75	0,798596465265661
6439,9	0,82012545992141
6440,05	0,846381500023329
6440,2	0,875740258636873
6440,35	0,905648377555087
6440,5	0,934050280008508
6440,65	0,952262029999523
6440,8	0,962201043788141
6440,95	0,968547377854593
6441,1	0,972590020498158
6441,25	0,974747137449131
6441,4	0,976710604193668
6441,55	0,977058588978421
6441,7	0,977246519531761
6441,85	0,977463564920407
0,4 40
6436	0,971931347223124
6436,15	0,972218699088373
6436,3	0,973207627662498
6436,45	0,975149539796578
6436,6	0,975242744505088
6436,75	0,974316645088738
6436,9	0,972351532727706
6437,05	0,970688596597079
6437,2	0,967405739985823
6437,35	0,961905262774811
6437,5	0,952332616197383
6437,65	0,935180598415377
6437,8	0,908853239699536
6437,95	0,880618980274821
6438,1	0,853084758147311
6438,25	0,826745117762954
6438,4	0,803496211895179
6438,55	0,783847049854277
6438,7	0,768050814521648
6438,85	0,757338108874046
6439	0,752213244610044
6439,15	0,752369280211288
6439,3	0,756510386595795
6439,45	0,765326787311046
6439,6	0,778489634004287
6439,75	0,79571513841098
6439,9	0,818203704102842
6440,05	0,844683488324876
6440,2	0,874321387132188
6440,35	0,904281004826736
6440,5	0,932825506475502
6440,65	0,951083607085382
6440,8	0,961269220540902
6440,95	0,967476429772657
6441,1	0,971479449925094
6441,25	0,974514446047603
6441,4	0,975897052399256
6441,55	0,976315802221979
6441,7	0,976536644353644
6441,85	0,976972158464826
0,5 40
6436	0,968761273921348
6436,15	0,969289483600305
6436,3	0,970389369656949
6436,45	0,972722483533899
6436,6	0,972188368145983
6436,75	0,971243039778565
6436,9	0,970018002377012
6437,05	0,967652849378872
6437,2	0,964362939226444
6437,35	0,959208494460373
6437,5	0,950767960221789
6437,65	0,935799148553744
6437,8	0,913751957247714
6437,95	0,890326887667842
6438,1	0,863354666767572
6438,25	0,834532237052611
6438,4	0,804952494371855
6438,55	0,778490277689116
6438,7	0,760147416229687
6438,85	0,748663173746145
6439	0,743197873802101
6439,15	0,742773625779648
6439,3	0,74728728731137
6439,45	0,756880383114826
6439,6	0,770493528708545
6439,75	0,788871249218046
6439,9	0,811949910293898
6440,05	0,839103534320011
6440,2	0,869392360541994
6440,35	0,899655341082165
6440,5	0,928926226782374
6440,65	0,947824934315451
6440,8	0,958552087546489
6440,95	0,965074889780007
6441,1	0,969265207422947
6441,25	0,971997640098313
6441,4	0,973611721145782
6441,55	0,974625403932679
6441,7	0,975313862099349
6441,85	0,975896269209044
0,6 40
6436	0,966098570917841
6436,15	0,964888223629171
6436,3	0,965959225103751
6436,45	0,968168000527471
6436,6	0,967529084739335
6436,75	0,966187028949908
6436,9	0,964617456297726
6437,05	0,962110450541793
6437,2	0,958324765076494
6437,35	0,952482153177341
6437,5	0,943183681723736
6437,65	0,927654393938346
6437,8	0,90503241539231
6437,95	0,885092692785404
6438,1	0,866654460195174
6438,25	0,846210446034343
6438,4	0,821119891311064
6438,55	0,793339994599975
6438,7	0,76440610525403
6438,85	0,742602785262507
6439	0,73176188387955
6439,15	0,729923591041943
6439,3	0,733668718813891
6439,45	0,744939281090013
6439,6	0,757883137961146
6439,75	0,776808705253997
6439,9	0,801647583765251
6440,05	0,830758308690811
6440,2	0,861459412411697
6440,35	0,89349379737602
6440,5	0,923972167014345
6440,65	0,942713210875868
6440,8	0,953907321403488
6440,95	0,961010864664928
6441,1	0,965555310771917
6441,25	0,968389996408498
6441,4	0,969889174880952
6441,55	0,970918399509229
6441,7	0,972234221081549
6441,85	0,97355995688537
0,7 40
6436	0,965767136955445
6436,15	0,966381637002443
6436,3	0,966770415927092
6436,45	0,967621011390319
6436,6	0,965262257015779
6436,75	0,963181821112856
6436,9	0,961642855198178
6437,05	0,958708273064678
6437,2	0,95468057120767
6437,35	0,947837502021077
6437,5	0,936718426123194
6437,65	0,917103571848067
6437,8	0,887452908771062
6437,95	0,856119194638732
6438,1	0,82844161702032
6438,25	0,808491627055338
6438,4	0,799844044384402
6438,55	0,794657050727
6438,7	0,788157008408812
6438,85	0,778665281245025
6439	0,765638777958832
6439,15	0,7513269164379
6439,3	0,738862978111401
6439,45	0,738231534201821
6439,6	0,747915487828543
6439,75	0,765214346374617
6439,9	0,789784113638046
6440,05	0,819417163185752
6440,2	0,852773757878378
6440,35	0,887301804784087
6440,5	0,919363038426867
6440,65	0,93974400258103
6440,8	0,950725591124218
6440,95	0,957561567813463
6441,1	0,962215552296623
6441,25	0,965061255636045
6441,4	0,96669862727003
6441,55	0,967760736312741
6441,7	0,968158959698992
6441,85	0,968737938370777
0,8 40
6436	0,96220939454008
6436,15	0,962782943645767
6436,3	0,965997819722001
6436,45	0,969699502357572
6436,6	0,969665632082794
6436,75	0,968494425280053
6436,9	0,966619960678897
6437,05	0,962767273595333
6437,2	0,956284770304911
6437,35	0,94959151840621
6437,5	0,938453967683811
6437,65	0,918820691628339
6437,8	0,888530632072985
6437,95	0,855287005522572
6438,1	0,822001316580554
6438,25	0,792130295858783
6438,4	0,767240763879952
6438,55	0,748778252695164
6438,7	0,739336107616777
6438,85	0,740868265950879
6439	0,752727433896063
6439,15	0,76731659784934
6439,3	0,779194395332387
6439,45	0,787435293805857
6439,6	0,7922087036052
6439,75	0,796178120115177
6439,9	0,804360705954954
6440,05	0,82406991382009
6440,2	0,852403920255694
6440,35	0,883967186082899
6440,5	0,91574742757244
6440,65	0,9364449874162
6440,8	0,94858092077385
6440,95	0,95685158205258
6441,1	0,962091575209929
6441,25	0,965402814468672
6441,4	0,966754111272912
6441,55	0,967335641773431
6441,7	0,967446376042219
6441,85	0,967500050879942
0,9 40
6436	0,96556357041734
6436,15	0,965817197025433
6436,3	0,966961118240957
6436,45	0,967610964668816
6436,6	0,968637758523683
6436,75	0,967628868036562
6436,9	0,968968265006515
6437,05	0,966936814769692
6437,2	0,963726543913055
6437,35	0,957241249745121
6437,5	0,945313648863679
6437,65	0,924542155305863
6437,8	0,895312313014397
6437,95	0,863269103128027
6438,1	0,831233970874742
6438,25	0,802653598428585
6438,4	0,77766919837893
6438,55	0,757713694228132
6438,7	0,742694579472396
6438,85	0,733340205221451
6439	0,72934546143272
6439,15	0,732518150296274
6439,3	0,743913793111199
6439,45	0,765727910784517
6439,6	0,793922302343381
6439,75	0,820113809038208
6439,9	0,842207070378807
6440,05	0,862171176913564
6440,2	0,880289663166733
6440,35	0,900573635946657
6440,5	0,92515566270525
6440,65	0,94200985461424
6440,8	0,951655613984842
6440,95	0,958490004237559
6441,1	0,963483256979546
6441,25	0,966663628926073
6441,4	0,969432363497303
6441,55	0,970523186169153
6441,7	0,970688191753092
6441,85	0,97085192349723